A = [[ 1.          0.01        0.          0.        ]
 [ 0.          1.         -0.01422818  0.00182898]
 [ 0.          0.          1.          0.01      ]
 [ 0.          0.          0.2517988   0.99614944]];

B = [[ 0.        ]
 [ 0.00970107]
 [ 0.        ]
 [-0.02042372]];

x0 = [0.15502326  4.69967169  0.0207021  -4.60880138]';
u0 = 9.330588503405345;
u1 = 8.113855320411009
u2 = 6.857629432486302;

x1 = A*x0+B*u0
x2 = A*x1+B*u1
x3 = A*x2+B*u2