image: map0.pgm
resolution: 0.062500
origin: [-52.09312597984385,-48.64305184191518, 0.000000]
negate: 0
occupied_thresh: 0.45
free_thresh: 0.196