image: map13.pgm
resolution: 0.062500
origin: [-78.12397382177706,-44.12855959408523, 0.000000]
negate: 0
occupied_thresh: 0.45
free_thresh: 0.196