image: map16.pgm
resolution: 0.062500
origin: [-78.19815820759503,-44.175992835584275, 0.000000]
negate: 0
occupied_thresh: 0.45
free_thresh: 0.196