image: map12.pgm
resolution: 0.062500
origin: [-78.12175665670321,-44.28712416501515, 0.000000]
negate: 0
occupied_thresh: 0.45
free_thresh: 0.196