image: map15.pgm
resolution: 0.062500
origin: [-58.366656855983265,-47.49629226242604, 0.000000]
negate: 0
occupied_thresh: 0.45
free_thresh: 0.196