image: map1.pgm
resolution: 0.062500
origin: [-78.15847310513914,-44.38533962257483, 0.000000]
negate: 0
occupied_thresh: 0.45
free_thresh: 0.196