image: map19.pgm
resolution: 0.062500
origin: [-56.10111230679419,-47.98606521095175, 0.000000]
negate: 0
occupied_thresh: 0.45
free_thresh: 0.196