image: map10.pgm
resolution: 0.062500
origin: [-77.90264312074301,-43.9800041180437, 0.000000]
negate: 0
occupied_thresh: 0.45
free_thresh: 0.196