image: map17.pgm
resolution: 0.062500
origin: [-60.728812435140014,-47.18243027871426, 0.000000]
negate: 0
occupied_thresh: 0.45
free_thresh: 0.196