image: map18.pgm
resolution: 0.062500
origin: [-78.03732309893468,-44.1800004925768, 0.000000]
negate: 0
occupied_thresh: 0.45
free_thresh: 0.196