image: map2.pgm
resolution: 0.062500
origin: [-78.26830194809709,-44.06293448142955, 0.000000]
negate: 0
occupied_thresh: 0.45
free_thresh: 0.196