image: map3.pgm
resolution: 0.062500
origin: [-78.16437615790278,-44.01088673290338, 0.000000]
negate: 0
occupied_thresh: 0.45
free_thresh: 0.196