image: map4.pgm
resolution: 0.062500
origin: [-78.2741619630752,-43.96564640937974, 0.000000]
negate: 0
occupied_thresh: 0.45
free_thresh: 0.196