image: map5.pgm
resolution: 0.062500
origin: [-56.42892962010515,-47.96586755227532, 0.000000]
negate: 0
occupied_thresh: 0.45
free_thresh: 0.196