image: map8.pgm
resolution: 0.062500
origin: [-78.0896906695006,-44.188699493997305, 0.000000]
negate: 0
occupied_thresh: 0.45
free_thresh: 0.196